3200K
5
0.1093 		
0.1193 		
0.1300 		
0.1411 		
0.1527 		
0.1649 		
0.1776 		
0.1908 		
0.2044 		
0.2185 		
0.2331 		
0.2481 		
0.2635 		
0.2793 		
0.2956 		
0.3121 		
0.3290 		
0.3463 		
0.3638 		
0.3816 		
0.3997 		
0.4180 		
0.4365 		
0.4552 		
0.4740 		
0.4930 		
0.5121 		
0.5314 		
0.5506 		
0.5700 		
0.5893 		
0.6087 		
0.6281 		
0.6474 		
0.6667 		
0.6859 		
0.7051 		
0.7241 		
0.7430 		
0.7618 		
0.7804 		
0.7988 		
0.8171 		
0.8352 		
0.8531 		
0.8707 		
0.8881 		
0.9053 		
0.9222 		
0.9388 		
0.9552 		
0.9713 		
0.9871 		
1.0027 		
1.0179 		
1.0328 		
1.0474 		
1.0617 		
1.0756 		
1.0893 		
1.1026 		
1.1155 		
1.1282 		
1.1405 		
1.1525 		
1.1641 		
1.1754 		
1.1863 		
1.1970 		
1.2072 		
1.2172 		
1.2268 		
1.2360 		
1.2450 		
1.2536 		
1.2619 		
1.2698 		
1.2774 		
1.2847 		
1.2917 		
1.2984