d40
5
13.9385
15.22795
16.5174
21.44535
26.3733
30.03915
33.705
35.7783
37.8516
37.71185
37.5721
44.4442
51.3163
57.34425
63.3722
65.9468
68.5214
70.24085
71.9603
74.6693
77.3783
77.7696
78.1609
81.3197
84.4785
85.8687
87.2589
88.71175
90.1646
93.47855
96.7925
97.179
97.5655
99.12895
100.6924
100.3462
100
99.4867
98.9734
100.3772
101.781
101.0426
100.3042
104.2898
108.2754
110.50105
112.7267
113.6783
114.6299
113.67255
112.7152
116.5803
120.4454
119.543
118.6406
121.8064
124.9722
129.3234
133.6746
132.139
130.6034
122.01375
113.4241
117.4399
121.4557
120.64985
119.844
109.443
99.042
104.8426
110.6432
114.3101
117.977
108.73445
99.4919
86.81565
74.1394
90.2576
106.3758
103.1257
99.8756