D50
5
24.4571469692098
27.1472803007825
29.8374136323552
39.5474427837954
49.2574719352357
52.8593635899521
56.4612552446684
58.2226775346602
59.9840998246520
58.8786850425973
57.7732702605426
66.2746216846843
74.7759731088260
80.9870033184330
87.1980335280400
88.8824882809773
90.5669430339146
90.9477824939951
91.3286219540756
93.2007546724221
95.0728873907686
93.5037069844632
91.9345265781577
93.8176696397253
95.7008127012929
96.1475894888208
96.5943662763489
96.8548689553557
97.1153716343625
99.6021299887868
102.088888343211
101.418623861270
100.748359379329
101.531110360511
102.313861341694
101.156930670847
100.0
98.8687251748377
97.7374503496754
98.3305196788282
98.9235890079811
96.2169185192282
93.5102480304754
95.6079968617348
97.7057456929942
98.4987951557611
99.2918446185279
99.1798947979359
99.0679449773440
97.4093105347424
95.7506760921408
97.3220572160783
98.8934383400158
97.2994295334920
95.7054207269683
96.9697988809262
98.2341770348841
100.644247900734
103.054318766584
101.119636397913
99.1849540292420
93.3045662487042
87.4241784681664
89.5385566221243
91.6529347760822
92.2932559906168
92.9335772051515
84.9124959960803
76.8914147870091
81.7214502199341
86.5514856528592
89.5868401503954
92.6221946479317
85.4437906876286
78.2653867273255
67.9923018316336
57.7192169359417
70.3406703590116
82.9621237820815
80.6360957223979
78.3100676627144