canon
xti
5
0.0245, 0.0251, 0.0266
0.0219, 0.0235, 0.0257
0.0193, 0.0218, 0.0248
0.0155, 0.0176, 0.0216
0.0117, 0.0134, 0.0184
0.0111, 0.0138, 0.034
0.0105, 0.0143, 0.0495
0.0116, 0.0334, 0.2286
0.0127, 0.0526, 0.4077
0.0124, 0.0661, 0.507
0.0121, 0.0795, 0.6063
0.0133, 0.1013, 0.7028
0.0146, 0.123, 0.7992
0.0138, 0.1347, 0.8179
0.013, 0.1463, 0.8366
0.0144, 0.1956, 0.9075
0.0158, 0.245, 0.9783
0.0163, 0.3061, 0.9023
0.0167, 0.3673, 0.8263
0.0157, 0.4201, 0.7798
0.0147, 0.4729, 0.7333
0.0125, 0.4607, 0.6448
0.0104, 0.4485, 0.5563
0.0104, 0.5595, 0.4881
0.0105, 0.6705, 0.4199
0.0119, 0.7231, 0.3468
0.0133, 0.7757, 0.2738
0.0155, 0.82, 0.2086
0.0177, 0.8642, 0.1434
0.018, 0.9321, 0.1141
0.0184, 1, 0.0847
0.0156, 0.9074, 0.0651
0.0128, 0.8148, 0.0455
0.0145, 0.7843, 0.0375
0.0161, 0.7539, 0.0294
0.0424, 0.6881, 0.0221
0.0687, 0.6223, 0.0148
0.1677, 0.5731, 0.0124
0.2666, 0.5239, 0.01
0.3923, 0.4559, 0.009
0.5179, 0.388, 0.008
0.529, 0.3115, 0.0071
0.5401, 0.2351, 0.0061
0.5234, 0.1821, 0.0058
0.5067, 0.129, 0.0055
0.4833, 0.0994, 0.0052
0.46, 0.0697, 0.0049
0.4308, 0.0586, 0.0047
0.4016, 0.0475, 0.0045
0.3578, 0.04, 0.0047
0.3139, 0.0326, 0.0048
0.2897, 0.0298, 0.0051
0.2655, 0.027, 0.0053
0.2251, 0.0236, 0.0054
0.1848, 0.0201, 0.0056
0.1599, 0.0187, 0.0056
0.1351, 0.0174, 0.0057
0.1101, 0.0158, 0.0055
0.0852, 0.0141, 0.0053
0.0623, 0.0115, 0.0049
0.0395, 0.0088, 0.0044
0.0253, 0.0073, 0.0047
0.0111, 0.0058, 0.0051
0.0091, 0.0056, 0.005
0.0071, 0.0053, 0.0049
0.0062, 0.005, 0.005
0.0052, 0.0047, 0.0051
0.0052, 0.0049, 0.0052
0.0051, 0.005, 0.0052
0.0044, 0.0044, 0.0045
0.0038, 0.0037, 0.0038
0.0031, 0.003, 0.0031
0.0024, 0.0023, 0.0024
0.0017, 0.0017, 0.0017
0.001, 0.001, 0.001
0.0011, 0.0011, 0.0011
0.0013, 0.0013, 0.0013
0.0014, 0.0014, 0.0014
0.0016, 0.0016, 0.0016
0.0017, 0.0017, 0.0018
0.0019, 0.0019, 0.0019