canon
s90
5
0.0126, 0.0237, 0.0165
0.0117, 0.0199, 0.0164
0.0107, 0.0161, 0.0163
0.0089, 0.0156, 0.0152
0.007, 0.0152, 0.0141
0.0119, 0.0249, 0.0749
0.0168, 0.0347, 0.1357
0.0282, 0.0661, 0.2702
0.0397, 0.0975, 0.4047
0.0364, 0.1055, 0.432
0.0331, 0.1135, 0.4592
0.0323, 0.1327, 0.504
0.0316, 0.152, 0.5488
0.03, 0.1784, 0.599
0.0284, 0.2048, 0.6492
0.0277, 0.2441, 0.675
0.027, 0.2834, 0.7007
0.0306, 0.3405, 0.7068
0.0342, 0.3976, 0.7128
0.0363, 0.4353, 0.6715
0.0383, 0.473, 0.6301
0.0368, 0.4849, 0.5886
0.0353, 0.4968, 0.5471
0.0377, 0.5697, 0.4714
0.0401, 0.6426, 0.3957
0.0462, 0.7061, 0.3426
0.0523, 0.7697, 0.2894
0.0682, 0.8313, 0.2343
0.0841, 0.8929, 0.1792
0.0888, 0.9464, 0.1544
0.0935, 1, 0.1296
0.0748, 0.9597, 0.1084
0.0562, 0.9194, 0.0873
0.048, 0.9147, 0.0732
0.0398, 0.9099, 0.0591
0.0388, 0.8743, 0.0462
0.0377, 0.8388, 0.0333
0.0577, 0.8146, 0.0279
0.0778, 0.7904, 0.0225
0.3061, 0.7439, 0.0195
0.5344, 0.6975, 0.0166
0.6576, 0.6265, 0.0147
0.7808, 0.5555, 0.0129
0.7927, 0.5005, 0.0121
0.8046, 0.4454, 0.0113
0.7924, 0.3736, 0.0108
0.7802, 0.3019, 0.0103
0.7689, 0.2598, 0.0104
0.7575, 0.2178, 0.0105
0.7442, 0.1934, 0.0119
0.7308, 0.1691, 0.0132
0.7092, 0.1543, 0.0154
0.6875, 0.1394, 0.0176
0.6593, 0.1243, 0.0231
0.631, 0.1091, 0.0286
0.5509, 0.0965, 0.0281
0.4709, 0.0839, 0.0276
0.2849, 0.0527, 0.0175
0.0988, 0.0215, 0.0075
0.0602, 0.0144, 0.0058
0.0217, 0.0073, 0.004
0.0172, 0.0063, 0.0035
0.0127, 0.0052, 0.0029
0.009, 0.0049, 0.003
0.0053, 0.0045, 0.0031
0.0044, 0.0045, 0.003
0.0036, 0.0046, 0.003
0.0042, 0.0044, 0.0037
0.0048, 0.0043, 0.0043
0.0042, 0.0038, 0.0037
0.0036, 0.0032, 0.0031
0.003, 0.0027, 0.0025
0.0024, 0.0022, 0.0019
0.0018, 0.0017, 0.0013
0.0012, 0.0012, 0.0006
0.0013, 0.0013, 0.0008
0.0013, 0.0014, 0.0009
0.0014, 0.0015, 0.001
0.0015, 0.0017, 0.0011
0.0016, 0.0018, 0.0012
0.0017, 0.0019, 0.0013