nikon
d700
5
0.0087, 0.0123, 0.0156
0.0066, 0.0089, 0.0112
0.0045, 0.0054, 0.0068
0.0036, 0.0044, 0.006
0.0027, 0.0035, 0.0052
0.0029, 0.0031, 0.0103
0.0031, 0.0028, 0.0154
0.0213, 0.0106, 0.1744
0.0395, 0.0184, 0.3335
0.047, 0.0277, 0.4716
0.0546, 0.0369, 0.6098
0.0498, 0.0479, 0.7056
0.045, 0.059, 0.8015
0.0389, 0.0712, 0.8505
0.0328, 0.0834, 0.8995
0.0311, 0.1096, 0.928
0.0295, 0.1358, 0.9565
0.0293, 0.1928, 0.9292
0.0291, 0.2497, 0.9019
0.0309, 0.3027, 0.8655
0.0327, 0.3558, 0.829
0.0314, 0.3707, 0.7605
0.0302, 0.3856, 0.692
0.0315, 0.4934, 0.5908
0.0328, 0.6012, 0.4895
0.0355, 0.6818, 0.4017
0.0382, 0.7623, 0.3139
0.05, 0.8508, 0.2347
0.0619, 0.9394, 0.1555
0.0666, 0.9697, 0.1104
0.0713, 1, 0.0653
0.0556, 0.9916, 0.0487
0.04, 0.9832, 0.0322
0.0315, 0.9396, 0.0244
0.0231, 0.896, 0.0167
0.0239, 0.8451, 0.012
0.0248, 0.7942, 0.0073
0.0522, 0.7238, 0.006
0.0795, 0.6534, 0.0048
0.2724, 0.5628, 0.0039
0.4652, 0.4723, 0.0031
0.6021, 0.3987, 0.0029
0.739, 0.3251, 0.0026
0.7339, 0.2516, 0.0021
0.7288, 0.1781, 0.0015
0.6804, 0.1268, 0.0013
0.6321, 0.0756, 0.0011
0.5919, 0.0575, 0.001
0.5517, 0.0395, 0.001
0.5017, 0.0309, 0.001
0.4517, 0.0222, 0.001
0.4076, 0.0185, 0.001
0.3636, 0.0148, 0.0009
0.3105, 0.0111, 0.0009
0.2575, 0.0075, 0.001
0.2271, 0.0066, 0.001
0.1966, 0.0057, 0.0009
0.1505, 0.0049, 0.001
0.1045, 0.004, 0.0011
0.074, 0.0033, 0.001
0.0435, 0.0026, 0.0009
0.0268, 0.0019, 0.0008
0.0101, 0.0012, 0.0006
0.0065, 0.0011, 0.0007
0.003, 0.001, 0.0007
0.0022, 0.001, 0.0009
0.0015, 0.0009, 0.0011
0.0014, 0.0009, 0.001
0.0013, 0.001, 0.0009
0.0011, 0.0008, 0.0008
0.0009, 0.0007, 0.0006
0.0008, 0.0006, 0.0005
0.0006, 0.0004, 0.0004
0.0004, 0.0003, 0.0003
0.0002, 0.0002, 0.0002
0.0003, 0.0002, 0.0002
0.0003, 0.0002, 0.0003
0.0003, 0.0003, 0.0003
0.0003, 0.0003, 0.0004
0.0003, 0.0003, 0.0004
0.0004, 0.0004, 0.0004