red
mx
5
0.0424, 0.0364, 0.0322
0.0389, 0.032, 0.0478
0.0354, 0.0276, 0.0635
0.0478, 0.0305, 0.109
0.0601, 0.0334, 0.1546
0.0579, 0.0387, 0.1867
0.0556, 0.0441, 0.2188
0.0498, 0.0502, 0.2536
0.0439, 0.0564, 0.2885
0.0378, 0.0588, 0.3119
0.0317, 0.0612, 0.3354
0.0287, 0.0685, 0.3567
0.0257, 0.0758, 0.378
0.0226, 0.0951, 0.4052
0.0194, 0.1145, 0.4324
0.0188, 0.125, 0.4512
0.0182, 0.1355, 0.47
0.0183, 0.1636, 0.4768
0.0185, 0.1917, 0.4836
0.0205, 0.2393, 0.4768
0.0225, 0.287, 0.4701
0.0234, 0.3401, 0.4491
0.0243, 0.3932, 0.4281
0.0271, 0.5081, 0.3908
0.03, 0.6229, 0.3534
0.0353, 0.7022, 0.3175
0.0407, 0.7816, 0.2815
0.0489, 0.8216, 0.2388
0.0571, 0.8616, 0.1961
0.0627, 0.887, 0.1656
0.0683, 0.9125, 0.135
0.0632, 0.9304, 0.1186
0.0582, 0.9482, 0.1021
0.055, 0.9272, 0.0901
0.0518, 0.9062, 0.0781
0.0539, 0.8789, 0.0654
0.0561, 0.8515, 0.0526
0.0779, 0.8026, 0.0473
0.0996, 0.7537, 0.042
0.2398, 0.6972, 0.0398
0.3799, 0.6406, 0.0375
0.622, 0.5717, 0.0365
0.8642, 0.5028, 0.0356
0.9321, 0.415, 0.0323
1.0  , 0.3272, 0.029
0.9902, 0.2584, 0.0261
0.9804, 0.1897, 0.0232
0.983, 0.1651, 0.0231
0.9856, 0.1406, 0.0229
0.9875, 0.1333, 0.0245
0.9894, 0.1261, 0.0262
0.9936, 0.1255, 0.0294
0.9978, 0.1249, 0.0326
0.9079, 0.1137, 0.0335
0.8179, 0.1024, 0.0344
0.616, 0.0792, 0.0275
0.4141, 0.056, 0.0207
0.2657, 0.0374, 0.014
0.1173, 0.0188, 0.0072
0.0776, 0.0137, 0.0048
0.038, 0.0085, 0.0023
0.0268, 0.0064, 0.0018
0.0157, 0.0042, 0.0013
0.0113, 0.0031, 0.0008
0.0069, 0.002, 0.0003
0.0046, 0.0017, 0.0003
0.0022, 0.0013, 0.0003
0.0017, 0.0013, 0.0003
0.0012, 0.0012, 0.0003
0.0012, 0.0011, 0.0003
0.0012, 0.0009, 0.0002
0.0012, 0.0008, 0.0002
0.0012, 0.0006, 0.0002
0.0012, 0.0005, 0.0001
0.0012, 0.0004, 0.0001
0.0011, 0.0004, 0.0001
0.001, 0.0004, 0.0001
0.001, 0.0004, 0.0002
0.0009, 0.0004, 0.0002
0.0009, 0.0004, 0.0002
0.0008, 0.0004, 0.0003