viper
nofilter1
5
0.0216, 0.0314, 0.0325
0.0149, 0.0217, 0.0241
0.0083, 0.012, 0.0158
0.0066, 0.0097, 0.0125
0.005, 0.0074, 0.0092
0.0044, 0.007, 0.0123
0.0039, 0.0066, 0.0154
0.0041, 0.006, 0.1159
0.0042, 0.0054, 0.2164
0.0034, 0.0047, 0.3081
0.0025, 0.0039, 0.3997
0.0027, 0.0039, 0.4728
0.0028, 0.0039, 0.5458
0.0027, 0.0036, 0.6151
0.0027, 0.0034, 0.6843
0.0025, 0.0032, 0.7955
0.0023, 0.003, 0.9067
0.0021, 0.0031, 0.8409
0.0019, 0.0033, 0.7751
0.0019, 0.0089, 0.6862
0.002, 0.0146, 0.5973
0.002, 0.0565, 0.5082
0.0019, 0.0983, 0.419
0.0017, 0.3749, 0.2457
0.0015, 0.6515, 0.0724
0.0014, 0.8085, 0.041
0.0012, 0.9656, 0.0097
0.0012, 0.9708, 0.0061
0.0011, 0.976, 0.0026
0.0011, 0.977, 0.0022
0.0011, 0.9779, 0.0019
0.0013, 0.989, 0.002
0.0016, 1, 0.0022
0.0016, 0.9911, 0.0018
0.0016, 0.9822, 0.0015
0.0222, 0.9077, 0.0015
0.0428, 0.8332, 0.0015
0.1543, 0.6611, 0.0015
0.2658, 0.489, 0.0014
0.4076, 0.3175, 0.0015
0.5493, 0.1461, 0.0016
0.5371, 0.0963, 0.0018
0.525, 0.0466, 0.0019
0.4772, 0.031, 0.002
0.4294, 0.0155, 0.0022
0.3929, 0.0097, 0.0025
0.3564, 0.0038, 0.0027
0.3358, 0.0031, 0.0024
0.3153, 0.0024, 0.002
0.2705, 0.0024, 0.0023
0.2257, 0.0023, 0.0026
0.1947, 0.0026, 0.0025
0.1637, 0.0028, 0.0025
0.1332, 0.0027, 0.0024
0.1027, 0.0027, 0.0024
0.0883, 0.0028, 0.0026
0.0739, 0.0029, 0.0028
0.0563, 0.0024, 0.0026
0.0387, 0.002, 0.0024
0.0306, 0.0021, 0.0023
0.0224, 0.0022, 0.0022
0.016, 0.0022, 0.0024
0.0096, 0.0022, 0.0025
0.0073, 0.0024, 0.0027
0.0051, 0.0025, 0.0028
0.0044, 0.0026, 0.0027
0.0038, 0.0027, 0.0026
0.0034, 0.0027, 0.0027
0.003, 0.0027, 0.0028
0.0026, 0.0024, 0.0025
0.0022, 0.002, 0.0021
0.0018, 0.0017, 0.0017
0.0013, 0.0013, 0.0013
0.0009, 0.0009, 0.001
0.0005, 0.0006, 0.0006
0.0006, 0.0006, 0.0007
0.0006, 0.0007, 0.0008
0.0007, 0.0008, 0.0008
0.0007, 0.0009, 0.0009
0.0007, 0.001, 0.001
0.0008, 0.0011, 0.0011