cie15-a
5
9.7951
10.8996
12.0853
13.3543
14.708
16.148
17.6753
19.2907
20.995
22.7883
24.6709
26.6425
28.7027
30.8508
33.0859
35.4068
37.8121
40.3002
42.8693
45.5174
48.2423
51.0418
53.9132
56.8539
59.8611
62.932
66.0635
69.2525
72.4959
75.7903
79.1326
82.5193
85.947
89.4124
92.912
96.4423
100
103.582
107.184
110.803
114.436
118.08
121.731
125.386
129.043
132.697
136.346
139.988
143.618
147.235
150.836
154.418
157.979
161.516
165.028
168.51
171.963
175.383
178.769
182.118
185.429
188.701
191.931
195.118
198.261
201.359
204.409
207.411
210.365
213.268
216.12
218.92
221.667
224.361
227
229.585
232.115
234.589
237.008
239.37
241.675