d60
5
0.411939607586310
0.437996510504958
0.464053413423605
0.592495642350196
0.720937871276788
0.761603966273490
0.802270061270193
0.814725125245161
0.827180189220129
0.801213204863893
0.775246220507658
0.865451876352353
0.955657532197049
1.017081383187290
1.078505234177530
1.086595328038240
1.094685421898950
1.085770389817790
1.076855357736640
1.086509458415190
1.096163559093750
1.066350689128330
1.036537819162920
1.044217932947450
1.051898046731990
1.047924133774850
1.043950220817720
1.034526517701230
1.025102814584750
1.042788054311150
1.060473294037550
1.046771021700290
1.033068749363030
1.034217650162840
1.035366550962650
1.017683275481320
1.000000000000000
0.983771714556758
0.967543429113517
0.967360153632189
0.967176878150861
0.933024903303406
0.898872928455951
0.909186343404069
0.919499758352186
0.919918644986597
0.920337531621007
0.913034913539316
0.905732295457625
0.885107826915399
0.864483358373174
0.869585756011823
0.874688153650472
0.856594824156090
0.838501494661709
0.842114218120962
0.845726941580216
0.859476349710488
0.873225757840760
0.853115086275724
0.833004414710687
0.786644173429350
0.740283932148012
0.752396655607266
0.764509379066520
0.776791183920972
0.789072988775425
0.721297567539171
0.653522146302918
0.696646850368054
0.739771554433190
0.766842577501085
0.793913600568980
0.732923690866674
0.671933781164368
0.581890190464822
0.491846599765275
0.599755396101991
0.707664192438708
0.689075827300159
0.670487462161609