nikon
d70
5
0.0295	0.0348	0.032
0.0262	0.0288	0.0399
0.0228	0.0228	0.0479
0.0192	0.0221	0.0934
0.0156	0.0214	0.1389
0.0132	0.0232	0.1966
0.0108	0.0249	0.2544
0.0101	0.0308	0.3124
0.0095	0.0367	0.3704
0.0093	0.0458	0.4286
0.0091	0.0549	0.4868
0.0099	0.0706	0.5615
0.0108	0.0864	0.6361
0.0105	0.1063	0.6993
0.0102	0.1263	0.7625
0.0093	0.1541	0.7922
0.0084	0.1819	0.8218
0.0093	0.2327	0.7868
0.0103	0.2835	0.7517
0.0119	0.3337	0.7141
0.0134	0.3838	0.6765
0.0136	0.3938	0.6128
0.0138	0.4037	0.5492
0.0174	0.4953	0.458
0.021	0.5869	0.3667
0.0257	0.6627	0.2945
0.0304	0.7386	0.2224
0.0463	0.8295	0.1597
0.0621	0.9203	0.097
0.0717	0.9602	0.0673
0.0813	1	0.0375
0.0633	0.9707	0.0273
0.0453	0.9414	0.0171
0.0363	0.9005	0.0141
0.0274	0.8596	0.011
0.0276	0.8073	0.0082
0.0277	0.7551	0.0053
0.0532	0.6705	0.0043
0.0787	0.5858	0.0034
0.2393	0.4998	0.0036
0.3999	0.4139	0.0037
0.5019	0.3425	0.0031
0.604	0.2711	0.0024
0.5805	0.2028	0.0024
0.5571	0.1346	0.0024
0.5098	0.0909	0.0026
0.4625	0.0471	0.0027
0.4267	0.0337	0.0024
0.3909	0.0202	0.0021
0.3517	0.0148	0.002
0.3124	0.0094	0.0019
0.2716	0.0081	0.0021
0.2308	0.0068	0.0023
0.1931	0.0064	0.0028
0.1555	0.0059	0.0033
0.1383	0.005	0.0029
0.1211	0.0041	0.0024
0.1002	0.0041	0.0022
0.0793	0.004	0.0021
0.0675	0.0045	0.0024
0.0558	0.005	0.0026
0.0449	0.0053	0.0028
0.034	0.0055	0.003
0.0277	0.0048	0.0024
0.0214	0.0042	0.0018
0.0183	0.0042	0.0021
0.0153	0.0043	0.0023
0.0114	0.0039	0.0026
0.0075	0.0036	0.0029
0.0064	0.0031	0.0025
0.0054	0.0026	0.0021
0.0043	0.0021	0.0017
0.0033	0.0016	0.0013
0.0022	0.0011	0.0009
0.0012	0.0007	0.0006
0.0012	0.0007	0.0006
0.0012	0.0008	0.0007
0.0012	0.0009	0.0008
0.0013	0.0009	0.0009
0.0013	0.001	0.0009
0.0013	0.0011	0.001
